0.9865184397526042 0.2315134858644206
0.2727954010606063 0.04717122801806181
0.09203291911408792 0.6032266118590774
0.01184229337356833 0.8676142906100782
0.3788235002268568 0.4013312807854499
0.9085791822141789 0.2090940548723771
0.09123619507744905 0.2292624229318489
0.5007745771378692 0.9776688113920617
0.8646844983913985 0.9866787116484236
0.01499538468927356 0.9497487437185922
0.1798885524590083 0.7043208821523371
0.1390187346507637 0.204838664702413
0.1964043051482174 0.2194516004197438
0.98466623974187 0.9058653377900865
0.6662461543036637 0.3581240418235637
0.10550448616907 0.06452746220391491
0.6416651869064819 0.1417576368720327
0.7318520491989745 0.8580917302447978
0.352684606687534 0.1858285774221468
0.7168033099338015 0.8223909846855273
0.1751928471544138 0.6672339458062501
0.09470627080290525 0.1689275917042912
0.1763580562082956 0.5290195324712204
0.8783765459071448 0.8758905432947608
0.1450490094825103 0.9867950087567067
0.01120202560234702 0.3869346733668345
0.8627354118614422 0.7226214884614979
0.3661160501598858 0.9400495676130786
0.3969797724312277 0.1353154626913197
0.6461809157921189 0.4321634032474269
0.08036791963647974 0.3668225883830986
0.7087238644693813 0.467429471416957
0.6193582986101738 0.5023369311922292
0.6534614066507021 0.3198045634900351
0.3004878157480442 0.8346991579757298
0.2894077450798248 0.01250998497284196
0.05236002199018595 0.2664123590587272
0.6260176193157859 0.0192389810959749
0.6170150201638522 0.3525676789264767
0.5529203669559255 0.1289195677769022
0.4522555098528253 0.01651927383217355
0.2647391429411656 0.190118073628762
0.7519582104465432 0.8146745428118332
0.325207694235054 0.01281694930081337
0.01251417931967941 0.02010050251256303
0.07439308813040872 0.9843801843792958
0.139625334481385 0.5235701380683769
0.9324108999175548 0.8108719005504275
0.3599465429195741 0.7840410228570502
0.4752338317279676 0.7099027799900167
0.6858798033400507 0.2534565489204477
0.04899517455936063 0.9504041780033282
0.2770894585211913 0.6638104655641868
0.1399009945664706 0.4877985041265782
0.1502069180023057 0.3786116719792159
0.08380415489789152 0.9138387250307146
0.9650893971703024 0.3028454586432094
0.6464026811592708 0.984768482624106
0.4047960570065995 0.7038116330450553
0.3598114858715677 0.01360071140143421
0.821944796715312 0.8848685650984287
0.7924446511462286 0.8543716146564792
0.4190309593954412 0.937887802253945
0.9302733565712833 0.09375607028022338
0.9595415035426517 0.3890343013481984
0.2579013115337759 0.01431732629631475
0.1711235274747352 0.4743891117438817
0.1671186176656578 0.07517285910134341
0.106556007446238 0.8091450268962884
0.6446481582961603 0.3880081676025421
0.03812893932092627 0.4034793046916864
0.7721472920515355 0.09516101277254775
0.09582646867628219 0.4591901645741956
0.8122111563393147 0.9522613065326629
0.4413918722092016 0.8914390605879517
0.3060255519156176 0.3250653892491714
0.06981300301105213 0.5783003076022702
0.7649727021293227 0.8783086464465101
0.8654342829471493 0.6333241818777349
0.2236470948012348 0.2730224623986398
0.9548980298351808 0.1632691340842175
0.7196754034014299 0.6271028686021454
0.2499716419156408 0.8687851363001956
0.8328955526370375 0.3450055131764866
0.07389162763126449 0.8274653231230258
0.3649449837247233 0.3639453893715963
0.2093411449472654 0.2471303846943324
0.1527889297600257 0.1351196857766368
0.6844076807048961 0.4379104603600591
0.08005739934320226 0.8570860443097597
0.03647821293272071 0.6830932337795637
0.9492708976021496 0.6498266876461977
0.3112035191281214 0.6900405072724178
0.7192215573859883 0.6850529376982681
0.2864803453556055 0.9589628097509271
0.8760295665416649 0.7523041721019789
0.1747836020690828 0.6354247439475247
0.1267140188161487 0.460048021942795
0.4380985841368461 0.7503798335687408
0.919677290459129 0.01837308559805478
0.1436928246995539 0.9314946228808478
0.193852967283361 0.4571196073302466
0.1973186229618043 0.09241640010380855
0.7879939931599155 0.3206272657408212
0.1079997723452306 0.8435391281668386
0.7551625120865469 0.6899289027978528
0.4005748054095222 0.4855046953896174
0.9516600448564215 0.2301165163842976
0.9880930591594616 0.3717606030085698
0.1254826078601458 0.1489560052120238
0.9862214838431674 0.6291316893927549
0.9503684131073067 0.9371511912909355
0.5280650593093139 0.5483252630999391
0.09534882376994122 0.7027732071225162
0.2845591403457432 0.9257287576693998
0.4776449458672524 0.9326699309609664
0.8792066401399802 0.306261489563683
0.6593124386741358 0.6587132205130931
0.01193510701516869 0.4835654877200214
0.3141391472408844 0.6122493445272115
0.05136660515455456 0.9184512047774142
0.0423158165972848 0.06270295629798552
0.1216737663846209 0.3661183366516187
0.1377527736064718 0.8311381488948172
0.7357720203000647 0.657757395514788
0.9873512014899196 0.6963938491132993
0.09660018884368204 0.1369906505095634
0.7299827742346229 0.7868563938007183
0.9264236719588326 0.2419479479244151
0.7665718587266669 0.7869031892219827
0.8959904874850876 0.4013701797395176
0.8131505428844358 0.1915032698327177
0.2254993794616132 0.8364659634504252
0.3506857125336023 0.3297335469471591
0.8452645721586831 0.5854374566794405
0.6433778380147788 0.8474501006796198
0.8581931899246866 0.2323590862540122
0.01424970378001322 0.5145808801515659
0.7242092857308863 0.7489422667881002
0.9588739350999744 0.5342627372678785
0.2818368823929515 0.08160068195477158
0.8967237187768636 0.1412786836350891
0.4460803078958541 0.9791943308110842
0.921884597279058 0.4927357100445426
0.3030605227344666 0.03866395195679368
0.1106678475448964 0.9310025963264508
0.3330673292004339 0.5454609114115693
0.2051956193625468 0.1214672677274232
0.7656744453983859 0.9166702199370903
0.3039998818263346 0.7269433026813323
0.7848447179564489 0.568592493704159
0.08458411710163558 0.9506464347491822
0.5189524905733203 0.08465301920093662
0.04008251933523776 0.02076578931525133
0.67677724142615 0.5477367501954533
0.05002146270836083 0.352321999154
0.9194773606483295 0.7832509528033001
0.3135616331763426 0.09621029301257461
0.9889955732525381 0.3241206030150754
0.5168710536187774 0.02307153725454807
0.9642053156690545 0.3469509768896257
0.9562800824512682 0.04755720391874954
0.7155165831595728 0.1189299068324623
0.2037530374371175 0.6790086938226124
0.1640367922130694 0.8577114857024614
0.7992998895165807 0.6596868944183599
0.341329795850176 0.113136557511926
0.01251417931967942 0.062814070351759
0.9202745677272548 0.1678534841733235
0.05981948484126474 0.6572019422548991
0.8503114152892745 0.2894821922909223
0.6811028887201422 0.1325295909846139
0.5100460661446677 0.5052885261008353
0.3517590050706924 0.6720827189063379
0.1216184180867624 0.2309727668709526
0.2541695936491636 0.07916225862759155
0.2066846545387496 0.5879396984924625
0.4767867734275942 0.4153698084732418
0.6824881545289684 0.1732178155926377
0.6001123285173779 0.2581250108054422
0.1835302056459953 0.192545410262048
0.9626870745696297 0.9635983027782374
0.8504626266990758 0.01639094882421763
0.3376369260938987 0.9046215509241425
0.6266744810503379 0.544206551724201
0.6453210467903034 0.9147991389882885
0.9286196287786735 0.1318118682526353
0.6721732094707918 0.949748743718592
0.176863821360111 0.2405237684395027
0.04415695160670306 0.4865495431184119
0.0422569398970734 0.7718200900222937
0.7571161611942512 0.2815317414226831
0.7251155993700718 0.9858674135275854
0.6743991640388185 0.8138279534751539
0.1585557252650918 0.1704547291631768
0.8510492602416799 0.3202093208727684
0.8215039587497782 0.851758793969849
0.8680374253712604 0.5260665791653137
0.7563085692862747 0.2083021238369296
0.2238275935414489 0.8979764775952747
0.8760595969021353 0.2052600250383239
0.07859979892932671 0.2566034859996059
0.1732673564085428 0.1096221915086188
0.7483099433216022 0.1268436443209682
0.5991030274317072 0.2087750009474133
0.8457171851572423 0.4939348480961266
0.7561887176160101 0.7238887939035277
0.1922346843938317 0.5600664550622585
0.9320374751177585 0.4591740852826703
0.363351077584747 0.5172797259693143
0.4438864927307426 0.1388418321567541
0.9239344440336873 0.05718059799357468
0.4391594351453576 0.1786827087193221
0.3160303996436784 0.2388911652719785
0.2240594207570739 0.3874335414195599
0.9867800267560607 0.5024217599272177
0.4251193113965129 0.2583963307187421
0.2911064047871597 0.1752750744398441
0.9872550119114067 0.7991125442364403
0.7293941444588771 0.9246461471798364
0.4701940716226862 0.1014402362361945
0.05054457498418103 0.4288909729644775
0.5316595982278264 0.4200192184242005
0.666478758743303 0.0570561881462437
0.3032839266489878 0.3910999297075649
0.3164670288771108 0.7769032222956572
0.8858613506510875 0.7824557027684219
0.7525386586619114 0.7581095058002619
0.7903401628678651 0.6311431068236902
0.1052591691129218 0.774668154783116
0.3291672448173932 0.4961447960174578
0.852614178744098 0.8971593985614503
0.8052324524828658 0.1146754020780777
0.9616918471433397 0.6792801085700737
0.7234788685761741 0.3060861746692714
0.35927498494692 0.4732769314746711
0.7058035892712152 0.8840890951559971
0.9518860261557985 0.9064422290492995
0.01292669966143375 0.4217377419462021
0.1022895762293895 0.7384782903560075
0.8404250286739805 0.738925565035182
0.2070685489118715 0.7332448649906952
0.8361615220946139 0.5235625006949918
0.80310435637716 0.07902525835014171
0.2341559274608136 0.1696655198294878
0.9288575945264766 0.8855022803877716
0.2558529089247938 0.948448083416656
0.1511324111469228 0.3497312629807128
0.6171737353160629 0.06152319215120212
0.1621601852149668 0.0127697071879015
0.9606842585285789 0.2619918719509449
0.07571077480450485 0.07524720636364246
0.7513210852098501 0.4035569261863861
0.3840601194921695 0.07642489752773417
0.7176564880249705 0.436153973019882
0.0824628426793144 0.107331494406615
0.9593373741861141 0.1230778699591861
0.598328097545058 0.1591501322062355
0.1776245842279934 0.3663676615768847
0.2425375397582349 0.8074807294584228
0.1922542849896653 0.2711404330765169
0.5188941154357984 0.3728247481949813
0.5270530986218771 0.7988933161932128
0.2458217392333309 0.6453669036039963
0.1933200201947596 0.3953706378299633
0.1401414457993262 0.04291364175856554
0.9507890872103375 0.01368412143080014
0.9260800863715569 0.7245952253235555
0.2597531118887313 0.5626424903227984
0.08935973928848483 0.6682634763987089
0.06693411499698933 0.0116358500630452
0.7567631153902847 0.3163766560524867
0.6413157348775215 0.6919420250142353
0.3380314947671149 0.04491290461470936
0.8793456161504958 0.6589838995778745
0.1240731945727094 0.7107954478697526
0.987933166656384 0.06000602566560733
0.9284511470514877 0.527266981261087
0.923401181659224 0.9597880233954257
0.9062275342130864 0.3273378329446964
0.8498375996010837 0.6645224843446994
0.8376962924993616 0.4362829794557635
0.3241594720487267 0.8627138485802832
0.548670152655574 0.468135617587773
0.8576045724591687 0.05620042796811467
0.2273292312339922 0.2245554099088314
0.145826108708417 0.6573846935436392
0.2381736585083084 0.2982258229838511
0.01282709304624942 0.7089204765811149
0.7676530356085065 0.6591049689355089
0.2587477412309073 0.2233440882216491
0.8966846106837583 0.5117490343609703
0.1071460083468007 0.5319410920734771
0.180736018964318 0.1427986951404354
0.7887470728842432 0.2189422610637415
0.194651879431518 0.0639701815488069
0.4111016229782001 0.3666815071769353
0.9604153479150919 0.8221983994456332
0.06188203296746099 0.6151390540872302
0.03700240932445779 0.6371611263618333
0.07010142409899665 0.04307701553680947
0.5323790204374599 0.8456346171810637
0.4482592026664604 0.6701554225450693
0.5414861674926263 0.5955592260888032
0.7601694225165008 0.9858699772111758
0.4716126172829793 0.0560891743768518
0.8859203577823934 0.4369349790789061
0.2691178276625902 0.5138997743091931
0.05714068586308288 0.2351801509684287
0.06766398468938316 0.2987504574055643
0.240560541588531 0.4138096200416432
0.4429371903262105 0.2213156756643857
0.7229080864495052 0.233393359863797
0.7510603430301213 0.1676476227743885
0.6439389947186339 0.2314834544646625
0.1651411809225038 0.8183638207955262
0.9549669693151634 0.7100417400362263
0.1907573856689231 0.8416445629481578
0.2766371452185828 0.3026472827558115
0.3495254259246604 0.2227497236927563
0.157793748873943 0.3224492659368484
0.7210686335542092 0.193492839978794
0.7375182984891786 0.8945825814230429
0.4921567048341978 0.4601018996317705
0.2621034201496006 0.1573662988129765
0.9908369181358017 0.8723622445134956
0.1655040047997747 0.4027553722091702
0.5721539364816743 0.3828657857519273
0.4196355622724407 0.09884760206687318
0.6000987440380982 0.9803383544062045
0.07671764143832048 0.3320741481710136
0.2091565485764748 0.03930211383101871
0.3939244546465748 0.3290077470010578
0.9278724547222529 0.3937239822044296
0.6164678332114543 0.8848499592205217
0.1741677543168716 0.9229609519823503
0.7672949424315959 0.4994031850789273
0.607229752826141 0.7226465869022762
0.2458788432634719 0.5335413791152562
0.7455473474229712 0.4710162411051208
0.464464964566288 0.5391094149020957
0.01831528527746936 0.4522613065326633
0.3712541471042705 0.1082117033935648
0.4694632543449198 0.8467416295257917
0.4216577544248634 0.05465641367526709
0.3129451178862719 0.5753510437276081
0.7877637275348489 0.2580437137592447
0.07276469306029787 0.7602272023382037
0.2301284617483524 0.1035648591671516
0.6479152586208126 0.2760173775847277
0.87951939189368 0.6912020877022307
0.07604805327859192 0.5455245172746085
0.2870977381214526 0.5467688394473076
0.9078604356742154 0.6983601194238177
0.3191323292248556 0.197922398710672
0.8104398406798815 0.5448694186017976
0.835231704610005 0.7986544840218994
0.7541831914962188 0.5948718742217638
0.4235910876067839 0.4085978868615798
0.2901657949945814 0.2132668625062266
0.8091366693668871 0.7456220218235975
0.8855395670327708 0.01223683477439424
0.06740405199311265 0.3973811813658311
0.6614248722432789 0.4702733479548584
0.8620263806361925 0.45667137076717
0.9065757598245606 0.8643227971474173
0.5676223043163482 0.7544914660297233
0.7482475934295425 0.4367919351160393
0.1870295816743396 0.884521343393656
0.9540224820566814 0.4956721894302679
0.6848938014799894 0.2137608996858441
0.09816131092189595 0.3943834354416063
0.7457502779193459 0.9530356733730951
0.7826831311984416 0.7552972974257913
0.6016861338721166 0.5969118626526627
0.5904921887784085 0.8451289247970863
0.6162977516644881 0.6478292222799219
0.7205235639605638 0.5933916026712004
0.7093405726117211 0.9530061229198088
0.8157202156129766 0.3767683820781827
0.09045145041577805 0.2836580270512714
0.3133354130001356 0.6513268336040904
0.1500061464982096 0.6924726528375831
0.2012981878943863 0.9194241752821046
0.7977128417280575 0.9195135632535991
0.9407056222526606 0.8503104100828003
0.8290708935134431 0.9198718430759089
0.6503430641775262 0.09781755824583739
0.2819660884585323 0.8015089338138369
0.1999261304271324 0.9547520876969211
0.7925880224633409 0.888336511187472
0.1371457723739555 0.0722296183539371
0.7545686853604401 0.6271696113756092
0.9136104416448517 0.8350307707038541
0.5814591593509484 0.8009852536941887
0.9247715436213647 0.6303856650736047
0.389119313381571 0.8991513483900396
0.565087891417231 0.8879848555825741
0.7799158040089926 0.9522613065326629
0.8981143565223061 0.901604298245493
0.8499721508724786 0.191733450211946
0.9875451570685934 0.5909268441880824
0.6874946538317253 0.2930851053881895
0.2865019591779217 0.1429141399375269
0.9623481234073602 0.8716197343111213
0.1779376993756563 0.9861145772674703
0.08676839463044086 0.6355490799562129
0.1094441966902407 0.4964782869951554
0.01147976578639934 0.2413476081986106
0.122033221331877 0.1194741743076919
0.1785110796919517 0.4312746724424503
0.07734370386377819 0.205192533165057
0.2087938193777908 0.5272878686994388
0.3553448917284938 0.1483652143160794
0.1972977295350634 0.495048365642202
0.774906116651798 0.4580656240539793
0.7819260122291829 0.1790356383977158
0.2280802357637989 0.617834632278884
0.7544168922136246 0.5631248199848035
0.2171936124475043 0.3307788789922829
0.7951973919881831 0.9858735777451937
0.3458932357547002 0.9811780066085978
0.262771406939046 0.8354180205457061
0.2232700450749284 0.4445385550582692
0.715093190684161 0.4029523525083149
0.5753319958181715 0.02088871322395446
0.462658640736959 0.3723199468074957
0.1039982513682507 0.3454657985104674
0.3073956113896377 0.9859763060594733
0.1968800223633105 0.6171661016717515
0.1036580391657113 0.8815375049195845
0.06713085965702151 0.1721994996248949
0.03940767215088566 0.1302616536063302
0.9852759031397984 0.01727310777631398
0.2382662696975406 0.1985425756000045
0.4007643438187741 0.0150371667132068
0.7310132680440098 0.3421345806348074
0.3866448676609737 0.7473305212311732
0.9285790366666032 0.5620775566114162
0.5665147325771551 0.3349021735294212
0.7123741906327862 0.0540900840755825
0.2869139869720085 0.1132528361046527
0.09703336363876114 0.01186450037599098
0.2659436855762448 0.7381361198105096
0.0146314963294939 0.3539697170295676
0.128730535203274 0.3267429102511599
0.3911160230222274 0.1710568634589047
0.1788954067688276 0.7374382539334312
0.8169034972555389 0.6111994773236561
0.0114647988506269 0.6626943161497801
0.3065610818108685 0.06605457910810428
0.1311055774414554 0.5582144689231058
0.2868706784419742 0.3611179568096407
0.8487098994131398 0.6970286916104519
0.7455064210082952 0.5301000128478597
0.01929789776765166 0.2674882757964284
0.7997471703879429 0.7872233520030739
0.9017234660624693 0.9855599993254971
0.8741604769861262 0.3786511821057122
0.9091321070412405 0.2634605953011077
0.9869341289768924 0.148089998222537
0.6289794757586217 0.8095989269393019
0.8919560145926664 0.7258113022664546
0.2931587520102162 0.2681744523887591
0.9886686334658324 0.7274642954227631
0.4364713314302205 0.6221084896997974
0.707345118666508 0.5267710127654613
0.7616961021513647 0.8441099954753604
0.07800503483208794 0.4850630651662207
0.8938278273360828 0.07425343515566318
0.1335619555042461 0.8682353543892357
0.6306370178145115 0.9488520794934745
0.6431344286365946 0.1865403811117816
0.7776621480865503 0.137977144797001
0.8144837399620601 0.01435161545903174
0.6590697668648041 0.5120852261719117
0.7871067596585374 0.8196286744866101
0.01525820893868932 0.3250874630217547
0.8461213745148755 0.6150828376830487
0.07290322316194633 0.7293267693700703
0.6190624725829376 0.7661104483911011
0.1748855680663461 0.7896784210988327
0.322286026842106 0.3579066722542991
0.01016368598966056 0.1745564764182644
0.2143983164360424 0.1485862153451721
0.1263800250196109 0.1773420651227049
0.8394236155501108 0.3996820189300749
0.6789079975563275 0.4013345523834799
0.03330896555724931 0.2266177830044465
0.6950844816878831 0.3320399003744572
0.4624498954655542 0.7997290065890662
0.04979953487590257 0.09837006632654252
0.6903847679501998 0.8489686728083913
0.1064651915142021 0.2575336418744531
0.3793022781275183 0.2889978529545636
0.4950694727577445 0.6322516075033416
0.3764581660552695 0.04442805436185591
0.04279037035111998 0.8112832607036207
0.4809257586020013 0.5845730653632897
0.2122030738092674 0.1921096700295363
0.5656084505857332 0.0690661957754157
0.8994585481931693 0.4667248027002321
0.282209527919188 0.627775030120893
0.1174409190668019 0.6381909547738697
0.9887578493562775 0.4562727335778751
0.2848311270650075 0.4532677552268293
0.2364500068597325 0.35297027688932
0.08478963794349349 0.4275103425110349
0.3192060649833451 0.4606026508365104
0.1489840058206489 0.2389321306469387
0.9587743921247037 0.5752599835721316
0.3114663165446747 0.4238707460506475
0.6456646346995846 0.616117164319077
0.4498288020467023 0.4954330919798773
0.3251425911727134 0.8121165845318825
0.01367051246915741 0.5474092236283462
0.01359779228136617 0.9137497123345194
0.6533858545873759 0.7325520015958724
0.3879529639497986 0.6075851016540467
0.3779158334834227 0.5591597621149934
0.6027098651874361 0.1079327667120231
0.6127856615569115 0.4620100788144185
0.4242821974515331 0.2975172891417169
0.9322071928636243 0.6835643822910514
0.8755470824075985 0.4874503792716772
0.6962755421900252 0.6599368667609099
0.2590651230206318 0.6089655472758316
0.2431595195755024 0.7155661265617819
0.8287113851416779 0.4692482138277819
0.231695892559173 0.7507328954292475
0.3928031978137131 0.2095835380583384
0.7801541712270236 0.5318125813831266
0.5817309282956026 0.5532470198716988
0.8177160912314179 0.8206774745550747
0.5915379399937689 0.9310180769765404
0.4248364522776782 0.5744486688072487
0.474274657889356 0.2904107130021137
0.1184603870673573 0.2914156512232312
0.9380817332682255 0.2843584016181341
0.9303146221159388 0.5973277710231479
0.6078705741659977 0.3039500405495655
0.2717256677374065 0.39420602810044
0.8194596607957367 0.7125938547761012
0.1087066242652805 0.9866858497847112
0.8683494992986017 0.1231155778894474
0.8338069142584953 0.1648726366523249
0.1284664453469229 0.397765483455667
0.2071990548414537 0.4210054190816408
0.6987853473327208 0.7814736054035121
0.9012629950644903 0.5849394507794529
0.6614212157031698 0.7741869829530468
0.8962648385042811 0.9410591483283676
0.2412194677944312 0.0455614443302089
0.2236700601970047 0.07201246133365104
0.04442712672578826 0.5576834245248267
0.321056204830877 0.9433576711081743
0.7874260693420847 0.7207918178679646
0.3487429276528375 0.433254976286529
0.1634450984418595 0.9565881946046221
0.2905837699320133 0.4859603772469607
0.2014358715792757 0.8088769296948772
0.2830930136944891 0.5858175739261214
0.9099603904637699 0.7539741722091714
0.3634485866652987 0.8669976126026048
0.07344592094993183 0.7938507089850141
0.01341264900891587 0.8294850869665475
0.9630405251323206 0.2000062550203031
0.06354594802420074 0.6964533856477488
0.7349911099089986 0.08788035928033144
0.0142431118073435 0.1021262853380094
0.3385766085673454 0.7458901036582777
0.2603166969306095 0.2764378930228021
0.7444277054148731 0.01645562855974495
0.4101316652350803 0.5283965800332809
0.2281943576947121 0.01312248414681689
0.8438282188228211 0.5541978966348484
0.1206603654957106 0.6020658974415659
0.9868570912158884 0.6623933157980818
0.9516247286572586 0.4260490248236684
0.1298953456630367 0.01239416632404377
0.2092556773804454 0.6486834791535042
0.06751340120570946 0.883302627066669
0.2670303553256965 0.98682841523315
0.6459972295667104 0.5769762668850532
0.8689127019230138 0.9197186982812002
0.1191292905671765 0.6741035169035006
0.9038042751379582 0.3637265653508992
0.8943852429510291 0.8109798098807912
0.05813230521028123 0.4568474519818332
0.8507043852300246 0.8662132740754586
0.8739116518888582 0.5981360904952068
0.2742646376573126 0.4238069113423281
0.8272095947084664 0.6420267463019126
0.5497644924227461 0.238225705705189
0.8107187437237453 0.4121700245744221
0.1738475454968977 0.04142208724937624
0.2792120554499113 0.2456723454997323
0.9868570912158884 0.7638190954773868
0.1506775624543885 0.7283007823296394
0.1450578691722926 0.5875011045173282
0.06773033746568811 0.1371330531497262
0.7229105414788083 0.2711009870880845
0.1096612045026295 0.09255668905194868
0.4948849849055368 0.252329747100289
0.9577066145504948 0.614534711929508
0.1228288369938219 0.9597989949748746
0.9863704053879254 0.4149145138733527
0.1053909467386804 0.03904075885745906
0.3441441833983191 0.07608938130723072
0.8892569846985795 0.2367819274840061
0.238533011975551 0.5858231173077094
0.8059925311772251 0.1518730950311917
0.3414512775740075 0.2622742180177837
0.5524226338581184 0.9789361343631291
0.2143323741814307 0.866759159578947
0.2150793653657019 0.705316817496632
0.2401088209557311 0.6780097804817575
0.02899194574323775 0.1927629080165741
0.3414046736831531 0.2981560614656845
0.4941047693272124 0.2015737265818475
0.8324499939075543 0.08876383214900208
0.2240840907101503 0.5565296752182961
0.3905710012950122 0.4427093253269211
0.1468692686281968 0.6226399451089379
0.8632759193361579 0.8081970726955304
0.6851323726809028 0.7010426409636389
0.9079945086139031 0.6603172593725649
0.9864820104008799 0.837038409345509
0.03961749669077356 0.2964970107981463
0.4458298155309717 0.3333865480098992
0.8195565162525783 0.2814952107087801
0.3527305510842122 0.7099525094137294
0.7826307083540709 0.3848100004043868
0.09965719593301328 0.313784534635473
0.1942673243973892 0.1683417085427137
0.2736851759329966 0.6993417964133438
0.8494670199735058 0.8349923324239694
0.7657067193924209 0.3519137679749212
0.7176002314394148 0.1553705808204617
0.03976676036753125 0.1633159731349046
0.5016559802558774 0.7551967748366964
0.6109321703011777 0.406583353535647
0.6852753586066492 0.5863407240514562
0.01200720192697352 0.6195528269402
0.04254822731245505 0.9849246231155778
0.1290445925886586 0.7521630814362276
0.7971092985281748 0.4805073613449879
0.008944673862134973 0.2099764772530676
0.8891581503140934 0.1765962178800938
0.3803550321779299 0.2491578522712528
0.6841138784337961 0.6240617621519914
0.5388798903305229 0.9322997589505376
0.5217251071605871 0.6715435928758381
0.2314253679644151 0.5044025396625204
0.2994867700956783 0.8976706204160724
0.7572652591864446 0.2457201634977517
0.3488026240362921 0.5883628721419858
0.2523929955714074 0.4486072632025188
0.1957286208542248 0.7654239089348276
0.2836332403166023 0.8682332331445629
0.1555204245031763 0.8952401525794703
0.8642887903620724 0.09100123431165151
0.7520341540092587 0.05460935761442615
0.8269031765962799 0.7695027023519682
0.01129474164876038 0.2960505394673117
0.8198552110035865 0.3151638473167493
0.07628614676049622 0.5140963192803414
0.8154419340251821 0.5782535501474954
0.01271612832545254 0.7914572864321606
0.6914731025351826 0.08933205705439497
0.7233036137862674 0.7151807932755313
0.8448872516729748 0.2588846381199758
0.2459995312654336 0.3226486675786487
0.4066283566642799 0.7968521726177433
0.957439454268181 0.7836678693746567
0.3058306812627223 0.5193516728291654
0.9623807236566133 0.4615893250262411
0.5791728353307459 0.4349148822853758
0.9372938943019578 0.3215119299000543
0.04151071143059196 0.3761181011021806
0.1378202267078669 0.7920429820916546
0.03992621069076275 0.5943452269536689
0.1019309388854527 0.5692972200068782
0.6910607452679227 0.7419067582954294
0.7291760253130599 0.4997615250129998
0.8962033462096141 0.6231763907198031
0.8646941564714629 0.4140179157546094
0.718785054319081 0.5588273531961538
0.8001532327104075 0.3497935588021089
0.6666010011835933 0.8813995124136609
0.2217167735373695 0.4741818832436072
0.5479503648817141 0.288230904901382
0.2207389678854025 0.7828389769108516
0.2704372335848961 0.3372216195544297
0.01251417931967941 0.9849246231155779
0.1653406457145655 0.5031421702334913
0.2294971533906388 0.936186129112638
0.9215167073460389 0.922993309954272
0.8737573522472687 0.9567472978196077
0.984840773259309 0.9847064786198984
0.207826962086028 0.9872889567737122
0.9160113677550029 0.4290773347565123
0.2556034807755079 0.7756055209198471
0.6919871452767595 0.4959648790060473
0.6879600915205334 0.9853399926371381
0.9421676473713386 0.987943785637054
0.3214233424821284 0.1613875964668905
0.8995338824288133 0.1064553422980751
0.9341858421108972 0.1987037156888224
0.8058158195004529 0.4463893117487582
0.7034835006316026 0.3697475198851818
0.9881003468994493 0.1870604277996521
0.9887383266972481 0.2766916494942531
0.315255473054886 0.1307003759706539
0.03560255801973259 0.8881696634604168
0.9345897501638689 0.3569342763627137
0.8743290268643474 0.3425880148657504
0.3505119125183032 0.6316650225202073
0.8285926281848218 0.2192552813911783
0.1647570232365975 0.2074706091968455
0.3919504148543965 0.9808534647007492
0.2050542243782635 0.3619027895230758
0.04146966275778439 0.7300747804991664
0.5001609393251527 0.1479311145367792
0.8241138447409772 0.04741920598588892
0.2394845534255589 0.13594418167267
0.338048047354596 0.3942504355344737
0.207329383645144 0.301091563256195
0.963383427554936 0.7395836842420894
0.960976169370489 0.08401735302706438
0.1464044805134702 0.4247083745449425
0.3118811611600933 0.2886297313037959
0.3628314937282475 0.82736318133634
0.5425274229600106 0.7146714993348058
0.2567680641283898 0.9054903876551432
0.04779394591982452 0.3252690912594045
0.2348878297299513 0.9792033720153375
0.01155501305996167 0.1409583088770169
0.9426287521165335 0.7559717553573412
0.123997851295823 0.9040142439089661
0.8990157052104599 0.5463504505723258
0.78003405365357 0.01507537688442233
0.245003425824564 0.2512562814070354
0.1443152310523328 0.1013252752362775
0.8152731482565658 0.2462245715458915
0.1946692560628965 0.0121131794803944
0.5664814957060658 0.6369770875181769
0.410520044319013 0.8470493531183798
0.394113773660859 0.6564224294896979
0.5486565096643407 0.1858960849971739
0.1860913126660661 0.3324718161358335
0.1780918618207974 0.2998532458956137
0.9864022077186342 0.9405216444494
0.1333654633201833 0.2653520506055613
0.7849859788318573 0.6014119731232893
0.2597483310339269 0.1161284723880413
0.789894778957359 0.2900078899676321
0.7803966105023161 0.4227209578735338
0.6677379520711135 0.01758793969849268
0.8083675992348093 0.5075988329645821
0.9082612660883241 0.2937661160208225
0.5723176755705671 0.5059664680057671
0.04437592651912882 0.8503019087499405
0.4381289699571224 0.4513819699376149
0.8642738406743975 0.1556587274260696
0.7853745181649585 0.05056322795884512
0.252836073357306 0.3739487810416445
0.1623515399049878 0.5575270832433473
0.9872165283736625 0.5482893948562175
0.1168278439487697 0.4275022930408372
0.1631423477881016 0.2701736167603309
0.04539399649900232 0.5232140165549367
0.789091987264859 0.6905464009255898
0.9884585458276286 0.105527638190955
0.2551434858709524 0.481008670252499
0.1582338060059908 0.7636138345914152
0.8735713854278544 0.5631907959462399
0.7414541821404464 0.3745400390681277
0.5058558668150033 0.3273196871471949
0.1729969681395834 0.5952049462324891
0.8365496959430183 0.1278668389216528
0.8774377057913119 0.269667015520228
0.1541714862610183 0.4518809848988116
0.6907042499739281 0.9167102560547544
0.8559416779858889 0.7733930638358063
0.8299777743622992 0.985135787305652
0.5050897940950948 0.8892181192815105
0.2874820904580019 0.7624665170409568
0.848811441535166 0.3685626894909428
0.1065782587968008 0.2005103093865908
0.8805356298701172 0.8410391139217481
0.1459659110344703 0.2963851946532208
0.01271612832545254 0.7512562814070357
0.05222067178727145 0.2010184934408116
0.8216347652338597 0.6796829248648117
0.5864794723337486 0.6832184915859418
0.8446362923985298 0.9501271159315668
0.707344517655524 0.0168920044237795
0.01274498808859399 0.5819697047105757
0.8888570324680963 0.04191268178008383
